0 0.0833333 19.6579 0 0 0 19.6579 19.6579 
1 0.25 111.316 0 0 0 111.316 111.316 
2 0.416667 459.36 0 0 0 459.36 459.36 
3 0.583333 3081.15 0 0 0 3081.15 3081.15 
4 0.75 8634.05 0 0 0 8634.05 8286.77 
5 0.916667 10812 0 0 0 10812 11126.6 
6 1.08333 12221.5 0 0 0 12221.5 11875.1 
7 1.25 11186.6 0 0 0 11186.6 11341.1 
8 1.41667 10205.4 0 0 0 10205.4 10777.5 
9 1.58333 10617.2 0 0 0 10617.2 10345.7 
10 1.75 10248.5 0 0 0 10248.5 10100.3 
11 1.91667 9785.26 0 0 0 9785.26 9997.02 
12 2.16667 9999.9 0 0 0 9999.9 9846.89 
13 2.5 9628.21 0 0 0 9628.21 9632.7 
14 2.83333 9429.99 0 0 0 9429.99 9433.32 
15 3.16667 9205.14 0 0 0 9205.14 9230.99 
16 3.5 9096.92 0 0 0 9096.92 9057.91 
17 3.83333 8897.07 0 0 0 8897.07 8958.69 
18 4.5 8908.84 0 0 0 8908.84 8830.81 
19 5.5 8665.53 0 0 0 8665.53 8650.39 
20 6.5 8348.51 0 0 0 8348.51 8385.4 
21 7.5 8118.23 0 0 0 8118.23 8082.94 
22 8.5 7760.48 0 0 0 7760.48 7774.54 
23 9.5 7479.45 0 0 0 7479.45 7531.96 
24 11 7280.73 0 0 0 7280.73 7225.2 
25 13 6912.79 0 0 0 6912.79 6947.6 
26 15 6757.94 0 0 0 6757.94 6710.86 
27 17 6498.81 0 0 0 6498.81 6522.65 
28 19 6329.54 0 0 0 6329.54 6353.18 
29 21 6291.79 0 0 0 6291.79 6205.71 
30 23 5987.02 0 0 0 5987.02 6078.26 
31 25 6011.72 0 0 0 6011.72 5966.61 
32 28.5 5794.51 0 0 0 5794.51 5779.18 
33 33.5 5509.86 0 0 0 5509.86 5504.29 
34 38.5 5217.01 0 0 0 5217.01 5228.28 
35 43.5 4979.73 0 0 0 4979.73 5013.73 
36 48.5 4851.68 0 0 0 4851.68 4833.08 
37 53.5 4725.24 0 0 0 4725.24 4669.49 
38 58.5 4484.79 0 0 0 4484.79 4526.61 
39 63.5 4372.76 0 0 0 4372.76 4394.54 
40 68.5 4342.45 0 0 0 4342.45 4299.17 
41 73.5 4175.29 0 0 0 4175.29 4224.39 
42 78.5 4105.21 0 0 0 4105.21 4154.95 
43 83.5 4236.81 0 0 0 4236.81 4099.14 
44 88.5 4064.43 0 0 0 4064.43 4053.91 
45 96 3914.95 0 0 0 3914.95 3999.36 
46 106 4000.05 0 0 0 4000.05 3942.16 
47 116 3891 0 0 0 3891 3905.88 
